4A
[0, 3, 2, 1, 4, 5]
141.8139491816493 43132.254115370466

4B
[0, 3, 2, 1, 4, 5]
140.18531414206325 41946.65608676597


4C
[0, 1, 3, 2, 4, 5]
132.45636082383467 36638.01336736069


4D
[0, 2, 1, 3, 4, 5]
135.00464576700358 38787.85757111137

4E
[0, 4, 3, 2, 1, 5]
117.70825854506572 29834.98286529947

7A
[0, 3, 1, 5, 7, 2, 6, 4, 8]
180.02372128546259 37743.32661983305


7B
[0, 1, 4, 6, 7, 2, 3, 5, 8]
180.27448781472896 32173.843452924506

7C
[0, 1, 7, 5, 6, 3, 2, 4, 8]
124.32421950204161 39352.82658461894


7D
[0, 3, 4, 6, 1, 2, 7, 5, 8]
181.33774215704128 35074.84252360339

7E
[0, 7, 4, 3, 6, 2, 5, 1, 8]
118.58551844390111 31451.83792770013


10A
[0, 7, 2, 3, 9, 8, 5, 10, 6, 1, 4, 11]
180.98383485286038 25882.651721404294

10B
[0, 6, 7, 2, 3, 8, 5, 10, 9, 1, 4, 11]
180.1809046503338 27527.766384530547

10C
[0, 7, 3, 6, 2, 10, 8, 9, 4, 1, 5, 11]
114.87986776317759 26588.30411652855


10D
[0, 10, 8, 4, 7, 2, 5, 1, 3, 9, 6, 11]
180.5148147438139 27178.112112852912

10E
[0, 9, 10, 4, 5, 6, 1, 8, 2, 7, 3, 11]
220.5632334013979 45471.6305311761

15A
[0, 15, 13, 14, 5, 6, 1, 2, 11, 7, 8, 9, 4, 10, 12, 3, 16]
226.35974296260994 47599.61903957549

15B
[0, 11, 15, 5, 6, 8, 10, 1, 2, 14, 9, 12, 13, 7, 4, 3, 16]
207.5270310416131 44107.94918999779

15C
[0, 14, 5, 9, 4, 6, 13, 15, 10, 1, 12, 7, 3, 8, 2, 11, 16]
228.2582912114106 49850.31987455762

15D
[0, 3, 14, 8, 10, 12, 7, 15, 5, 6, 9, 1, 2, 4, 13, 11, 16]
221.07539984626575 43610.49524886546

15E
[0, 5, 14, 8, 7, 9, 6, 3, 11, 15, 10, 4, 12, 1, 13, 2, 16]
233.96629002796516 50101.10225023532

