30 
32600.010408280807 [0, 12, 22, 28, 9, 21, 24, 14, 19, 6, 10, 20, 13, 2, 5, 4, 8, 3, 7, 18, 17, 1, 30, 27, 23, 25, 26, 11, 16, 29, 15, 31]
180.1632241263601 32600.010408280807


41 
46878.59108695514 [0, 35, 21, 30, 23, 16, 31, 3, 39, 20, 18, 40, 26, 7, 19, 12, 24, 4, 41, 27, 37, 29, 13, 17, 8, 15, 1, 36, 28, 6, 38, 33, 9, 34, 22, 32, 11, 14, 5, 25, 2, 10, 42]
186.1776107989519 46878.59108695514

43  
37949.49895273902 [0, 39, 33, 36, 23, 9, 32, 35, 27, 19, 17, 10, 3, 15, 34, 25, 30, 11, 21, 4, 20, 8, 14, 22, 13, 37, 31, 18, 40, 16, 38, 26, 28, 29, 43, 42, 24, 5, 41, 6, 7, 1, 12, 2, 44]
180.00551407337392 37949.49895273902



44
35768.189588889465 [0, 13, 11, 26, 18, 23, 28, 42, 15, 32, 44, 38, 31, 19, 43, 10, 22, 16, 17, 8, 35, 36, 3, 30, 1, 20, 40, 14, 34, 41, 9, 21, 33, 25, 4, 29, 39, 2, 27, 37, 12, 6, 24, 7, 5, 45]
180.5116361179977 35768.189588889465

51
47773.40629628643 [0, 26, 28, 39, 49, 37, 36, 29, 51, 46, 20, 40, 48, 33, 34, 12, 50, 30, 47, 27, 11, 5, 7, 22, 8, 6, 19, 38, 18, 16, 23, 9, 43, 41, 45, 2, 42, 3, 44, 21, 13, 14, 31, 1, 32, 35, 24, 17, 15, 25, 4, 10, 52]
196.1661757890197 47773.40629628643

53 
34670.11725426836 [0, 25, 5, 40, 2, 53, 41, 39, 32, 11, 37, 36, 8, 13, 33, 27, 22, 4, 12, 50, 35, 24, 51, 23, 10, 21, 31, 48, 47, 49, 42, 45, 44, 30, 17, 52, 15, 46, 20, 43, 7, 38, 26, 18, 28, 14, 34, 1, 16, 29, 6, 9, 3, 19, 54]
180.30338669756517 34670.11725426836

54 
29606.651720710302 [0, 42, 1, 40, 52, 44, 31, 12, 30, 4, 14, 29, 10, 7, 6, 8, 38, 15, 16, 33, 9, 34, 35, 50, 48, 11, 39, 53, 54, 47, 36, 27, 37, 18, 51, 45, 22, 41, 43, 24, 17, 25, 26, 21, 13, 32, 5, 3, 2, 46, 20, 19, 23, 28, 49, 55]
 180.09308368201565 29606.651720710302

57 
54224.23333112392 [0, 40, 29, 46, 30, 42, 56, 23, 24, 52, 28, 9, 14, 32, 3, 18, 20, 22, 26, 57, 49, 15, 45, 17, 5, 39, 16, 13, 2, 1, 8, 7, 6, 19, 35, 11, 25, 36, 48, 55, 47, 50, 31, 51, 37, 38, 27, 34, 12, 21, 54, 53, 4, 10, 33, 41, 43, 44, 58]
194.5796847984512 54224.23333112392


59  
35967.97440114589 [0, 54, 58, 50, 51, 56, 17, 55, 20, 1, 53, 25, 36, 2, 11, 15, 27, 21, 45, 3, 46, 57, 49, 9, 16, 23, 44, 52, 59, 31, 43, 33, 37, 29, 39, 22, 35, 32, 19, 34, 40, 6, 8, 30, 48, 5, 28, 4, 13, 42, 18, 10, 24, 26, 47, 14, 12, 41, 38, 7, 60]
187.6274150238127 35967.97440114589


60 
53280.07789054914 [0, 37, 4, 26, 54, 16, 25, 59, 60, 1, 50, 34, 28, 8, 32, 14, 18, 53, 20, 21, 43, 13, 40, 57, 7, 58, 48, 45, 19, 22, 10, 17, 2, 15, 5, 23, 47, 3, 6, 9, 38, 36, 39, 56, 52, 27, 42, 31, 30, 49, 41, 55, 24, 12, 11, 35, 51, 29, 46, 44, 33, 61]
194.16597704219936 53280.07789054914


61  (2,4,6,3,7,0,1,5,8,10)
47345.91958796517 [0, 52, 20, 10, 32, 15, 54, 33, 9, 7, 2, 40, 3, 47, 50, 44, 45, 25, 4, 38, 49, 8, 6, 13, 12, 43, 61, 5, 57, 30, 55, 42, 34, 22, 36, 16, 11, 58, 21, 18, 26, 60, 14, 17, 27, 1, 35, 31, 48, 39, 59, 51, 46, 56, 41, 19, 53, 29, 24, 23, 37, 28, 62]
196.0993098548972 47345.91958796517

62
62743.08743923488 [0, 19, 62, 14, 29, 7, 9, 12, 21, 57, 26, 50, 15, 25, 6, 4, 51, 33, 37, 61, 49, 53, 45, 20, 39, 41, 3, 32, 38, 1, 22, 56, 60, 40, 46, 30, 24, 59, 27, 13, 16, 35, 2, 31, 55, 47, 23, 34, 42, 11, 43, 44, 28, 10, 8, 52, 17, 18, 58, 54, 36, 5, 48, 63]
198.3500364725657 62743.08743923488


64
57976.46675949766 [0, 25, 36, 50, 12, 26, 49, 9, 41, 23, 17, 24, 43, 63, 4, 19, 13, 1, 11, 5, 6, 58, 47, 21, 33, 64, 61, 18, 7, 34, 30, 57, 59, 45, 44, 54, 53, 8, 37, 28, 56, 15, 62, 55, 42, 48, 27, 16, 52, 20, 3, 31, 29, 32, 60, 38, 14, 46, 10, 35, 40, 22, 2, 39, 51, 65]
195.97966686620165 57976.46675949766


64b
60380.389886257486 [0, 7, 1, 38, 25, 18, 46, 11, 16, 8, 22, 63, 9, 12, 27, 39, 42, 10, 19, 5, 49, 57, 23, 47, 3, 43, 54, 33, 60, 37, 62, 17, 14, 32, 2, 21, 53, 4, 58, 20, 51, 26, 61, 34, 45, 35, 40, 36, 6, 64, 41, 13, 52, 15, 59, 48, 56, 55, 50, 24, 31, 30, 28, 44, 29, 65]
209.43535727447366 60380.389886257486

65
64542.17796911445 [0, 30, 54, 20, 21, 17, 7, 40, 61, 58, 62, 9, 39, 18, 13, 1, 14, 42, 28, 23, 52, 49, 37, 27, 25, 43, 63, 51, 48, 2, 53, 10, 46, 65, 45, 22, 64, 50, 29, 41, 59, 57, 12, 3, 6, 32, 16, 36, 44, 60, 19, 31, 5, 56, 47, 24, 26, 33, 15, 35, 8, 4, 11, 34, 55, 38, 66]
201.58467844323016 64542.17796911445

66
54261.94380613586 [0, 24, 15, 22, 51, 14, 23, 64, 16, 36, 33, 63, 46, 39, 31, 37, 55, 44, 48, 53, 26, 43, 49, 59, 8, 6, 50, 18, 54, 10, 29, 28, 56, 5, 9, 34, 30, 13, 41, 35, 58, 45, 21, 38, 61, 52, 27, 17, 4, 47, 19, 62, 60, 66, 20, 42, 7, 1, 40, 12, 25, 32, 57, 3, 2, 11, 65, 67]
187.5042199048538 54261.94380613586


68
77062.7741489961 [0, 3, 21, 11, 39, 44, 28, 42, 59, 45, 58, 57, 15, 54, 49, 43, 26, 14, 6, 20, 33, 16, 2, 10, 32, 5, 36, 61, 8, 40, 51, 19, 34, 62, 60, 7, 22, 17, 25, 48, 9, 31, 56, 64, 24, 23, 35, 12, 46, 50, 1, 55, 13, 37, 67, 63, 53, 30, 41, 65, 38, 29, 4, 47, 66, 68, 18, 27, 52, 69]
220.48178518832344 77062.7741489961

71
 [0, 3, 4, 34, 29, 5, 1, 43, 21, 33, 35, 6, 46, 68, 61, 49, 8, 50, 54, 22, 7, 11, 42, 15, 38, 41, 58, 13, 67, 25, 36, 20, 27, 14, 56, 28, 63, 45, 23, 59, 19, 53, 12, 9, 26, 17, 10, 65, 71, 52, 16, 69, 2, 47, 55, 39, 66, 30, 31, 64, 44, 51, 32, 37, 48, 62, 57, 60, 24, 18, 40, 70, 72]
 64058.19588630395 219.6243712948152 64058.19588630395

75
79474.23126113573 [0, 63, 34, 69, 10, 50, 67, 55, 61, 46, 52, 7, 66, 37, 1, 13, 11, 23, 15, 26, 8, 19, 16, 5, 53, 17, 62, 32, 38, 33, 20, 59, 48, 70, 58, 40, 64, 28, 56, 75, 22, 30, 44, 54, 42, 72, 4, 51, 71, 45, 39, 6,c	 49, 73, 74, 65, 68, 25, 41, 18, 21, 12, 60, 43, 24, 35, 29, 27, 9, 31, 14, 2, 57, 3, 47, 36, 76]
220.70681580314158 79474.23126113573

76
67098.74465381794 [0, 70, 56, 42, 19, 10, 54, 63, 33, 32, 9, 58, 52, 30, 53, 68, 51, 64, 28, 65, 46, 43, 29, 35, 41, 4, 20, 13, 16, 57, 5, 55, 74, 27, 36, 6, 60, 47, 49, 12, 21, 17, 8, 61, 59, 48, 15, 50, 1, 14, 72, 73, 40, 39, 69, 2, 62, 71, 31, 11, 34, 24, 37, 26, 44, 66, 22, 23, 7, 38, 45, 18, 3, 25, 67, 76, 75, 77]
200.37856710864978 67098.74465381794


77
 [0, 43, 72, 59, 31, 39, 28, 51, 75, 52, 32, 71, 26, 30, 22, 14, 3, 20, 19, 10, 24, 70, 58, 35, 36, 76, 42, 57, 67, 61, 68, 60, 74, 69, 77, 17, 38, 13, 46, 49, 40, 2, 48, 21, 41, 11, 54, 5, 65, 7, 56, 34, 16, 66, 73, 15, 8, 4, 23, 50, 9, 55, 27, 63, 25, 44, 53, 64, 29, 37, 12, 6, 18, 33, 1, 62, 45, 47, 78]
208.11753373744838 71200.45617991831




79
58298.600614908355 [0, 54, 56, 61, 78, 70, 65, 36, 30, 13, 66, 28, 26, 17, 24, 9, 18, 49, 14, 51, 15, 1, 2, 27, 29, 42, 68, 31, 73, 50, 76, 58, 38, 16, 52, 46, 79, 5, 8, 7, 22, 63, 48, 23, 32, 72, 4, 35, 33, 64, 71, 67, 74, 77, 57, 55, 21, 39, 6, 60, 20, 40, 41, 59, 34, 11, 10, 12, 25, 43, 37, 62, 69, 3, 19, 75, 44, 45, 47, 53, 80]
196.26051491327672 58298.600614908355



80
 [0, 72, 51, 26, 59, 24, 44, 18, 56, 43, 75, 12, 22, 76, 34, 49, 21, 19, 16, 30, 23, 17, 29, 63, 71, 45, 69, 55, 36, 57, 58, 48, 8, 4, 25, 5, 62, 13, 66, 73, 7, 67, 47, 33, 10, 38, 54, 39, 35, 32, 80, 70, 52, 79, 3, 50, 61, 37, 2, 6, 64, 53, 9, 74, 31, 42, 11, 15, 40, 41, 78, 46, 68, 28, 60, 27, 1, 14, 20, 65, 77, 81]
 69497.67677748861 207.1706096894333 69497.67677748861


80B
72075.7384295787 [0, 54, 56, 46, 36, 38, 35, 34, 58, 66, 70, 72, 64, 65, 20, 77, 42, 32, 73, 40, 62, 17, 50, 47, 48, 19, 79, 78, 23, 16, 53, 33, 18, 74, 69, 14, 49, 75, 8, 4, 43, 6, 39, 61, 80, 22, 59, 11, 30, 5, 60, 31, 44, 51, 7, 29, 71, 55, 13, 21, 1, 25, 63, 26, 15, 68, 12, 76, 24, 10, 52, 3, 67, 9, 27, 37, 28, 57, 45, 2, 41, 81]
219.51015047384166 72075.7384295787


81
 [0, 45, 28, 49, 36, 81, 76, 61, 5, 41, 55, 13, 15, 22, 12, 6, 16, 1, 64, 80, 75, 29, 25, 32, 19, 57, 33, 27, 14, 56, 8, 3, 52, 30, 9, 53, 47, 26, 40, 62, 11, 18, 35, 46, 2, 24, 79, 42, 54, 67, 10, 7, 63, 66, 17, 44, 4, 77, 59, 34, 31, 72, 60, 58, 21, 73, 43, 69, 37, 51, 70, 23, 50, 65, 68, 71, 20, 74, 38, 48, 78, 39, 82] 
 54782.45748457399 191.7299773711112 54782.45748457399


82
 [0, 55, 36, 82, 61, 70, 74, 62, 45, 67, 81, 44, 43, 12, 7, 6, 35, 10, 33, 18, 20, 52, 58, 37, 5, 11, 25, 23, 14, 30, 32, 48, 54, 27, 64, 38, 22, 56, 76, 51, 8, 17, 71, 68, 19, 28, 3, 15, 16, 29, 42, 31, 2, 13, 50, 65, 80, 53, 41, 24, 40, 77, 78, 4, 57, 47, 63, 39, 72, 59, 1, 49, 69, 21, 9, 60, 26, 75, 79, 66, 34, 73, 46, 83]
219.78621057917454 74084.38077276593

82B
65123.646481421034 [0, 26, 32, 40, 69, 81, 6, 77, 75, 55, 21, 3, 37, 44, 49, 65, 45, 56, 66, 74, 64, 48, 73, 67, 80, 82, 30, 38, 12, 17, 33, 43, 20, 52, 22, 28, 18, 70, 1, 24, 63, 5, 2, 29, 78, 23, 35, 36, 58, 16, 79, 61, 13, 4, 72, 10, 68, 8, 27, 59, 51, 15, 76, 9, 14, 25, 60, 62, 42, 7, 53, 46, 39, 11, 71, 19, 50, 41, 47, 54, 57, 31, 34, 83]
201.09944505658308 65123.646481421034

82C 
67978.71683328885 [0, 59, 76, 7, 6, 77, 20, 46, 49, 14, 56, 29, 58, 21, 30, 15, 67, 38, 28, 66, 16, 8, 17, 13, 5, 11, 19, 35, 43, 23, 18, 4, 27, 12, 24, 10, 22, 34, 52, 54, 1, 41, 69, 63, 81, 53, 44, 2, 45, 78, 72, 39, 48, 51, 50, 47, 37, 3, 25, 26, 71, 9, 60, 31, 33, 42, 62, 82, 36, 57, 79, 70, 40, 65, 75, 80, 32, 68, 61, 73, 64, 74, 55, 83]
206.4726192644589 67978.71683328885


85
 [0, 64, 31, 21, 41, 42, 47, 19, 53, 54, 77, 74, 73, 20, 85, 3, 37, 65, 67, 57, 70, 4, 50, 28, 84, 51, 29, 79, 24, 15, 16, 59, 5, 71, 25, 44, 36, 40, 63, 80, 60, 78, 75, 46, 58, 17, 33, 34, 30, 2, 62, 68, 14, 76, 61, 69, 10, 82, 38, 35, 55, 72, 23, 32, 1, 26, 12, 7, 39, 49, 43, 18, 27, 48, 8, 13, 9, 81, 52, 56, 83, 11, 22, 66, 45, 6, 86] 
 69140.55890708885 216.38614992071209 69140.55890708885


85B 
  [0, 64, 31, 21, 41, 42, 47, 19, 53, 54, 77, 74, 73, 20, 85, 3, 37, 65, 67, 57, 70, 4, 50, 28, 84, 51, 12, 26, 7, 39, 49, 11, 81, 8, 13, 27, 18, 48, 56, 9, 52, 83, 43, 55, 23, 72, 35, 75, 46, 78, 71, 29, 79, 5, 16, 59, 15, 24, 25, 44, 36, 40, 63, 80, 60, 58, 17, 33, 34, 2, 62, 68, 30, 14, 76, 61, 69, 10, 38, 82, 32, 1, 22, 66, 45, 6, 86] 
 69481.01349589921 216.4137374433067 69481.01349589921

                                                                                                             

86
[0, 18, 30, 5, 62, 68, 3, 8, 13, 7, 4, 40, 72, 55, 47, 16, 41, 77, 63, 38, 15, 9, 23, 27, 21, 46, 82, 33, 37, 79, 45, 12, 61, 80, 49, 10, 75, 43, 20, 71, 83, 60, 19, 39, 73, 54, 48, 86, 6, 81, 34, 29, 32, 78, 31, 36, 42, 59, 65, 44, 70, 64, 53, 74, 76, 58, 1, 35, 26, 2, 22, 25, 69, 51, 67, 28, 11, 52, 56, 14,917, 50, 66, 24, 84, 85, 57, 87]
 79873.55265585327 243.80786564323253 79873.55265585327



87
[0, 57, 27, 80, 61, 83, 11, 18, 16, 68, 78, 66, 64, 71, 32, 43, 42, 47, 82, 28, 50, 76, 59, 77, 29, 46, 30, 72, 8, 86, 23, 20, 45, 2, 1, 12, 9, 56, 67, 15, 65, 7, 75, 58, 3, 33, 5, 70, 62, 53, 36, 38, 54, 19, 31, 81, 10, 63, 13, 74, 35, 34, 48, 73, 49, 69, 40, 55, 44, 51, 41, 24, 4, 84, 87, 21, 17, 22, 60, 26, 14, 39, 85, 25, 79, 37, 6, 52, 88]
 66707.19753987549 216.03822968113724 66707.19753987549
