30 
93419.3411307667 [0, 28, 9, 21, 24, 6, 14, 19, 10, 20, 13, 2, 3, 7, 5, 4, 8, 18, 17, 1, 26, 15, 29, 11, 16, 30, 27, 23, 25, 22, 12, 31]
165.06858625604553 93419.3411307667



41 
102253.14970977456 [0, 2, 10, 25, 14, 5, 34, 22, 32, 11, 9, 28, 6, 38, 33, 36, 1, 15, 8, 17, 13, 29, 37, 27, 41, 4, 24, 12, 7, 19, 3, 39, 20, 18, 40, 31, 16, 30, 23, 21, 35, 26, 42]
180.27932608450817 102253.14970977456


43  
96851.1671810472 [0, 39, 36, 33, 23, 9, 32, 35, 27, 19, 34, 15, 3, 17, 10, 30, 25, 11, 21, 8, 14, 22, 20, 4, 13, 37, 31, 18, 40, 16, 38, 26, 28, 29, 43, 24, 42, 5, 41, 6, 1, 12, 2, 7, 44]
166.7123110554931 96851.1671810472


44
101993.11391162666 [0, 11, 13, 26, 18, 41, 9, 21, 33, 25, 4, 29, 39, 2, 27, 37, 12, 6, 24, 7, 35, 8, 36, 40, 14, 34, 3, 30, 20, 1, 10, 22, 16, 17, 43, 19, 38, 31, 44, 32, 15, 42, 23, 28, 5, 45]
170.70801554528174 101993.11391162666

51
111501.72891646926 [0, 29, 25, 4, 15, 10, 17, 24, 35, 31, 32, 1, 42, 3, 21, 13, 14, 44, 2, 45, 43, 41, 23, 9, 16, 18, 38, 19, 8, 6, 22, 11, 27, 5, 7, 47, 30, 50, 12, 34, 33, 48, 20, 40, 46, 51, 49, 37, 36, 28, 39, 26, 52]
196.51591942563783 111501.72891646926


53 
91754.11108078473 [0, 25, 39, 32, 11, 37, 36, 8, 27, 13, 33, 4, 22, 12, 50, 35, 24, 51, 23, 10, 21, 31, 45, 42, 49, 48, 47, 44, 30, 17, 52, 15, 46, 20, 43, 7, 38, 26, 18, 34, 1, 16, 29, 28, 14, 6, 9, 3, 19, 2, 41, 53, 40, 5, 54]
159.95550789848784 91754.11108078473


54 
[0, 40, 52, 7, 8, 6, 10, 29, 4, 44, 14, 38, 12, 31, 30, 15, 9, 33, 16, 34, 35, 50, 48, 11, 45, 27, 18, 37, 51, 36, 53, 54, 39, 47, 42, 24, 43, 22, 41,B17, 2, 32, 46, 21, 25, 20, 5, 3, 13, 26, 23, 19, 28, 49, 1, 55]
 84901.96256231735 146.58570427697896 84901.96256231735

57 
110304.74068720074 [0, 40, 44, 23, 53, 54, 21, 38, 37, 19, 35, 11, 25, 36, 48, 17, 15, 45, 5, 32, 14, 9, 22, 3, 26, 20, 18, 57, 49, 39, 7, 13, 16, 6, 1, 2, 8, 55, 47, 50, 51, 31, 34, 27, 12, 4, 10, 33, 43, 41, 28, 52, 24, 56, 30, 42, 46, 29, 58]
200.15916108490705 110304.74068720074


59  
96724.45959943956 [0, 54, 7, 38, 41, 14, 12, 47, 28, 26, 6, 30, 40, 34, 5, 24, 10, 42, 13, 18, 48, 8, 4, 32, 22, 35, 19, 39, 29, 37, 33, 49, 9, 16, 57, 45, 21, 11, 27, 15, 36, 2, 25, 3, 46, 52, 59, 31, 43, 23, 44, 20, 1, 53, 55, 17, 58, 50, 51, 56, 60]
176.3567201233281 96724.45959943956


60 
115639.5172490567 [0, 4, 50, 34, 60, 1, 59, 28, 8, 32, 18, 14, 53, 20, 21, 43, 13, 40, 57, 7, 58, 48, 45, 19, 22, 17, 15, 10, 5, 2, 23, 47, 38, 9, 6, 3, 36, 39, 56, 27, 52, 31, 30, 42, 49, 41, 12, 24, 55, 11, 35, 29, 46, 51, 44, 33, 25, 16, 54, 26, 37, 61]
197.992527666003 115639.5172490567


61  
113830.66484378903 [0, 52, 20, 10, 19, 53, 41, 56, 51, 46, 59, 48, 39, 17, 31, 27, 35, 1, 21, 58, 16, 15, 32, 54, 9, 33, 7, 2, 3, 40, 47, 50, 44, 45, 25, 4, 57, 61, 5, 8, 12, 6, 13, 43, 49, 38, 30, 34, 42, 55, 22, 36, 11, 18, 26, 60, 14, 29, 24, 23, 37, 28, 62]
203.76730477746156 113830.66484378903

62
114201.05559246868 [0, 48, 8, 10, 42, 43, 44, 28, 34, 11, 55, 35, 2, 16, 23, 31, 13, 47, 17, 52, 18, 58, 5, 36, 54, 27, 59, 24, 30, 46, 40, 60, 56, 1, 22, 38, 32, 41, 3, 39, 20, 49, 53, 45, 37, 61, 25, 51, 6, 33, 4, 50, 26, 57, 15, 21, 29, 7, 9, 12, 14, 62, 19, 63]
210.11678453472933 114201.05559246868


64
120481.63252627332 [0, 25, 51, 39, 2, 22, 40, 42, 15, 55, 62, 48, 27, 16, 52, 20, 3, 29, 31, 60, 32, 56, 38, 14, 46, 10, 35, 28, 37, 53, 8, 44, 54, 57, 59, 45, 30, 34, 7, 18, 61, 64, 47, 33, 21, 13, 19, 1, 11, 5, 6, 58, 63, 43, 24, 4, 17, 23, 41, 49, 9, 12, 36, 50, 26, 65]
211.7792530566465 120481.63252627332


64b
121753.7194778342 [0, 7, 1, 38, 50, 24, 55, 48, 59, 56, 52, 15, 64, 13, 41, 8, 63, 22, 16, 11, 46, 18, 25, 9, 39, 10, 12, 42, 27, 19, 5, 49, 62, 17, 57, 47, 23, 3, 43, 54, 33, 60, 37, 14, 32, 21, 2, 53, 4, 58, 20, 51, 61, 26, 35, 36, 45, 40, 6, 34, 30, 28, 31, 44, 29, 65]
210.91689340804533 121753.7194778342

65
[0, 21, 17, 40, 49, 52, 23, 62, 39, 13, 9, 18, 1, 14, 42, 28, 37, 25, 27, 43, 63, 51, 48, 10, 2, 53, 46, 65, 45, 22, 64, 50, 29, 41, 59, 57, 12, 3, 6, 32, 16, 36, 19, 44, 60, 31, 5, 56, 47, 24, 26, 15, 33, 35, 8, 4, 11, 34, 55, 38, 58, 61, 7, 30, 20, 54, 66]
218.291774809488 121318.16875641872

66
109715.66918382843 [0, 24, 22, 14, 23, 51, 9, 34, 46, 64, 16, 33, 36, 63, 39, 37, 31, 55, 44, 48, 53, 43, 26, 18, 59, 49, 8, 50, 6, 5, 29, 10, 28, 54, 56, 41, 13, 30, 35, 58, 45, 21, 61, 38, 17, 27, 4, 52, 47, 19, 62, 60, 66, 42, 20, 25, 12, 40, 1, 7, 32, 57, 3, 2, 11, 65, 15, 67]
196.98503048770692 109715.66918382843


68
129176.14999447913 [0, 27, 52, 18, 68, 66, 54, 26, 14, 49, 43, 6, 20, 33, 2, 5, 10, 16, 32, 36, 61, 8, 40, 51, 19, 34, 17, 7, 60, 62, 22, 25, 48, 9, 31, 64, 56, 24, 23, 12, 46, 35, 13, 55, 50, 1, 37, 67, 47, 29, 4, 38, 63, 53, 30, 41, 65, 15, 58, 57, 45, 59, 11, 21, 39, 44, 28, 42, 3, 69]
223.78301935678041 129176.14999447913

71
[0, 4, 3, 34, 32, 44, 51, 37, 30, 31, 67, 36, 25, 20, 27, 13, 14, 63, 28, 56, 53, 12, 9, 23, 19, 59, 45, 58, 54, 35, 33, 6, 21, 46, 68, 61, 49, 43, 5, 29, 1, 8, 50, 22, 11, 15, 7, 38, 42, 41, 26, 17, 10, 65, 71, 52, 16, 69, 55, 2, 47, 39, 66, 64, 62, 48, 57, 60, 18, 24, 40, 70, 72]
222.707930726314 125503.55142099291

75
130228.86823273203 [0, 36, 47, 3, 57, 9, 31, 14, 2, 27, 29, 35, 60, 43, 21, 12, 18, 41, 25, 68, 65, 74, 39, 6, 49, 73, 45, 51, 71, 4, 72, 42, 24, 44, 54, 30, 22, 75, 28, 58, 40, 64, 56, 70, 48, 59, 20, 32, 38, 33, 61, 46, 52, 66, 1, 37, 7, 13, 11, 15, 23, 26, 16, 8, 5, 19, 53, 62, 17, 50, 67, 55, 10, 69, 63, 34, 76]
224.7458041463387 130228.86823273203

76
 [0, 56, 70, 42, 33, 19, 63, 9, 54, 32, 10, 58, 52, 30, 68, 53, 51, 64, 5, 55, 74, 27, 28, 65, 46, 4, 35, 13, 41, 16, 29, 20, 43, 57, 44, 26, 71, 62, 2, 11, 31, 34, 37, 24, 36, 6, 60, 47, 49, 12, 17, 21, 8, 59, 48, 15, 61, 50, 1, 14, 72, 73, 40, 39, 69, 66, 7, 23, 22, 38, 3, 25, 45, 18, 67, 76, 75, 77]
 120614.42233035293 219.21688737730256 120614.42233035293


77
[0, 43, 72, 39, 31, 28, 59, 51, 32, 75, 52, 58, 35, 36, 76, 71, 14, 22, 30, 3, 26, 20, 24, 10, 19, 70, 42, 67, 57, 60, 69, 74, 77, 17, 61, 68, 38, 13, 46, 49, 40, 12, 6, 21, 41, 11, 54, 5, 65, 7, 56, 34, 16, 66, 73, 15, 4, 8, 50, 23, 9, 55, 27, 63, 25, 44, 53, 64, 29, 37, 48, 2, 18, 33, 1, 62, 45, 47, 78]
 126089.84546119385 215.3001669709304 126089.84546119385



79
 [0, 54, 56, 61, 78, 70, 65, 36, 51, 14, 26, 66, 49, 9, 13, 18, 17, 24, 28, 30, 15, 1, 2, 27, 29, 42, 68, 31, 73, 50, 76, 58, 62, 41, 59, 34, 11, 10, 12, 43, 37, 40, 20, 25, 38, 16, 52, 46, 79, 7, 8, 5, 22, 63, 48, 23, 32, 72, 35, 4, 33, 67, 64, 71, 74, 77, 57, 60, 55, 21, 6, 39, 69, 3, 19, 44, 45, 75, 47, 53, 80]
 120148.22068131155 192.03023588361734 120148.22068131155



80
 [0, 51, 59, 72, 26, 24, 44, 18, 56, 43, 75, 22, 12, 34, 76, 49, 19, 21, 23, 16, 30, 29, 17, 63, 55, 71, 69, 45, 57, 36, 58, 48, 4, 5, 25, 8, 62, 13, 66, 73, 7, 67, 33, 47, 50, 3, 61, 37, 79, 52, 39, 54, 10, 38, 35, 32, 80, 70, 2, 64, 6, 53, 74, 9, 31, 42, 11, 15, 40, 41, 68, 46, 78, 60, 28, 27, 1, 14, 20, 65, 77, 81]
 125029.19250392725 216.27960129345652 125029.19250392725


80B
[0, 41, 45, 2, 57, 54, 56, 46, 38, 36, 35, 58, 34, 66, 64, 70, 72, 65, 20, 62, 17, 50, 40, 47, 48, 77, 42, 73, 32, 79, 19, 78, 23, 16, 53, 33, 18, 74, 69, 14, 49, 75, 43, 4, 8, 39, 6, 61, 80, 22, 59, 11, 30, 5, 60, 31, 51, 7, 44, 71, 29, 55, 13, 21, 25, 1, 63, 26, 15, 68, 12, 24, 76, 52, 10, 3, 67, 9, 27, 37, 28, 81]
 133756.118492639 224.44973904199423 133756.118492639


81
[0, 28, 45, 36, 76, 81, 22, 12, 6, 16, 1, 5, 61, 15, 55, 13, 41, 80, 64, 75, 27, 33, 25, 9, 14, 32, 8, 52, 57, 56, 19, 29, 30, 53, 3, 47, 26, 40, 62, 11, 24, 2, 46, 18, 35, 79, 42, 10, 54, 67, 7, 44, 34, 66, 17, 77, 4, 59, 63, 72, 60, 21, 58, 31, 69, 43, 73, 37, 51, 70, 50, 23, 65, 68, 71, 20, 74, 48, 38, 78, 39, 49, 82]
 114694.45287854783 206.60822434356498 114694.45287854783


82
[0, 55, 36, 82, 74, 62, 45, 67, 44, 43, 48, 35, 58, 33, 10, 37, 5, 11, 52, 18, 25, 6, 20, 23, 12, 7, 32, 14, 30, 54, 27, 64, 81, 22, 38, 56, 76, 51, 17, 8, 71, 68, 28, 3, 42, 16, 31, 19, 29, 2, 15, 13, 50, 65, 80, 53, 41, 24, 40, 77, 78, 4, 47, 57, 63, 39, 72, 59, 1, 49, 21, 69, 75, 79, 26, 60, 9, 70, 61, 66, 34, 73, 46, 83]
 122962.11257443762 218.83399867720348 122962.11257443762

82B
[0, 49, 44, 65, 3, 21, 37, 55, 45, 66, 56, 74, 64, 48, 73, 67, 80, 82, 30, 43, 20, 52, 22, 28, 33, 17, 12, 38, 18, 70, 1, 24, 63, 5, 2, 78, 29, 23, 35, 36, 58, 16, 79, 75, 77, 6, 81, 61, 13, 4, 14, 76, 59, 51, 27, 25, 62, 15, 9, 60, 68, 8, 72, 10, 40, 69, 32, 26, 53, 39, 46, 42, 7, 11, 19, 71, 50, 41, 47, 57, 31, 34, 54, 83]
 123889.77597765527 211.14251455437966 123889.77597765527
 

82C 
[0, 59, 76, 7, 6, 77, 20, 55, 74, 68, 73, 61, 64, 32, 80, 75, 65, 40, 70, 57, 79, 82, 36, 45, 53, 44, 2, 78, 72, 39, 48, 51, 50, 81, 63, 1, 41, 69, 26, 47, 3, 37, 25, 62, 9, 71, 60, 31, 42, 33, 54, 52, 34, 21, 29, 58, 30, 10, 11, 17, 35, 13, 8, 12, 66, 5, 23, 4, 38, 43, 28, 18, 19, 16, 24, 27, 22, 67, 15, 49,156, 14, 46, 83]
 120157.2627764497 213.58760138109895 120157.2627764497


85
 [0, 6, 45, 31, 64, 21, 42, 47, 41, 19, 53, 54, 74, 77, 73, 20, 85, 50, 65, 3, 37, 57, 67, 4, 70, 28, 84, 51, 43, 27, 18, 13, 8, 48, 52, 9, 81, 83, 56, 11, 39, 12, 7, 49, 26, 1, 32, 75, 46, 78, 71, 59, 15, 5, 16, 24, 79, 29, 25, 44, 36, 40, 63, 80, 60, 58, 17, 33, 34, 30, 68, 2, 62, 14, 61, 76, 69, 10, 82, 38, 35, 55, 72, 23, 22, 66, 86]
 130510.440535603 220.21178072093852 130510.440535603


85B 
 [0, 6, 45, 31, 64, 21, 42, 47, 41, 19, 53, 54, 74, 77, 73, 20, 85, 50, 65, 3, 37, 57, 67, 4, 70, 28, 84, 51, 43, 27, 18, 13, 8, 48, 52, 9, 56, 81, 83, 11, 7, 49, 26, 39, 12, 1, 32, 72, 23, 55, 35, 75, 46, 78, 71, 59, 15, 5, 16, 24, 79, 29, 25, 44, 36, 40, 63, 80, 60, 58, 17, 33, 34, 30, 68, 2, 62, 14, 61, 76,,69, 10, 82, 38, 22, 66, 86]
 130502.73484230723 217.7110900697581 130502.73484230723
                                                                                                          

86
[0, 18, 30, 5, 50, 66, 17, 24, 14, 56, 52, 28, 67, 11, 51, 69, 58, 26, 35, 1, 22, 25, 2, 76, 74, 70, 53, 64, 42, 59, 65, 44, 36, 39, 73, 54, 19, 48, 86, 6, 81, 29, 83, 60, 34, 31, 71, 32, 78, 20, 43, 75, 80, 49, 10, 45, 79, 12, 61, 9, 23, 21, 27, 46, 82, 33, 37, 16, 63, 77, 47, 38, 41, 15, 4, 40, 13, 7, 8, 3, 72, 55, 62, 68, 84, 85, 57, 87]
137775.8161402719 231.594996833589 137775.8161402719


 
 87
 [0, 6, 52, 37, 57, 27, 61, 80, 83, 11, 18, 16, 68, 78, 66, 71, 64, 32, 47, 42, 43, 28, 82, 50, 59, 77, 76, 79, 85, 25, 39, 26, 14, 22, 60, 84, 87, 17, 21, 44, 51, 41, 24, 4, 55, 40, 69, 46, 30, 48, 73, 49, 35, 34, 72, 86, 8, 23, 74, 13, 63, 10, 36, 38, 19, 54, 31, 81, 62, 53, 70, 5, 33, 3, 58, 75, 65, 7, 15, 12, 56, 9, 67, 1, 2, 20, 45, 29, 88]
 128828.53506851476 221.3862994715785 128828.53506851476



87B
 [0, 79, 60, 12, 49, 61, 16, 18, 32, 2, 10, 19, 45, 23, 71, 4, 7, 38, 30, 26, 62, 73, 80, 70, 55, 34, 74, 53, 57, 66, 48, 72, 84, 86, 68, 85, 81, 35, 83, 8, 54, 14, 58, 15, 20, 28, 1, 22, 21, 5, 50, 51, 37, 17, 65, 41, 3, 43, 39, 6, 11, 52, 9, 40, 36, 42, 87, 56, 78, 46, 59, 75, 47, 29, 33, 82, 63, 25, 69, 27, 31, 24, 77, 64, 44, 13, 76, 67, 88]
 119366.58716381388 206.1195796007687 119366.58716381388


87C
[0, 22, 7, 66, 35, 46, 75, 58, 33, 17, 24, 26, 15, 5, 18, 25, 43, 82, 29, 63, 6, 71, 85, 11, 67, 61, 39, 48, 52, 27, 30, 78, 54, 83, 62, 77, 86, 55, 36, 44, 53, 34, 45, 87, 41, 73, 80, 37, 81, 50, 19, 69, 8, 38, 2, 64, 84, 31, 42, 76, 20, 23, 47, 59, 79, 12, 60, 21, 68, 28, 49, 65, 51, 13, 16, 72, 56, 32, 70, 74, 4, 57, 1, 10, 40, 9, 14, 3, 88]
 145573.1101774788 242.14625578226628 145573.1101774788
 
 
88
[0, 74, 1, 57, 8, 53, 83, 19, 38, 33, 76, 41, 22, 75, 64, 88, 65, 82, 17, 86, 28, 7, 2, 63, 61, 20, 48, 4, 14, 21, 62, 43, 66, 60, 25, 24, 58, 16, 67, 51, 84, 72, 15, 49, 71, 18, 40, 46, 27, 87, 30, 6, 29, 55, 23, 69, 52, 10, 12, 3, 79, 5, 9, 80, 54, 50, 78, 13, 36, 56, 34, 85, 11, 77, 26, 35, 73, 70, 44, 31, 59, 45, 81, 32, 42, 39, 47, 68, 37, 89]
 122339.38689566523 212.95430602622866 122339.38689566523


90
[0, 54, 82, 46, 47, 73, 7, 65, 52, 62, 59, 33, 86, 63, 4, 67, 2, 20, 30, 10, 28, 44, 18, 13, 64, 72, 42, 56, 9, 83, 50, 69, 19, 84, 39, 77, 29, 16, 41, 68, 74, 48, 58, 36, 11, 90, 60, 78, 61, 85, 6, 80, 57, 23, 55, 26, 35, 53, 27, 25, 21, 87, 45, 31, 12, 76, 34, 43, 32, 71, 8, 70, 37, 3, 38, 24, 88, 40, 79, 66, 5, 49, 75, 51, 15, 1, 17, 22, 14, 81, 89, 91] 
 [0, 54, 82, 46, 47, 73, 7, 65, 52, 62, 59, 67, 2, 20, 30, 10, 28, 44, 18, 13, 64, 86, 33, 63, 4, 72, 42, 56, 9, 83, 50, 69, 19, 84, 39, 77, 29, 16, 41, 68, 74, 48, 58, 36, 11, 90, 60, 78, 61, 85, 6, 80, 57, 23, 55, 22, 14, 17, 1, 26, 35, 53, 27, 25, 21, 87, 45, 31, 15, 51, 49, 75, 5, 34, 43, 71, 32, 76, 12, 37, 3, 38, 70, 8, 40, 88, 24, 79, 66, 81, 89, 91]
221.87237518043736 134623.2763843298


91
[0, 56, 29, 65, 50, 32, 59, 81, 77, 24, 52, 63, 87, 73, 89, 39, 53, 58, 44, 66, 43, 54, 84, 17, 60, 34, 20, 15, 19, 13, 42, 4, 7, 1, 48, 5, 41, 25, 72, 9, 36, 11, 85, 18, 69, 28, 75, 31, 38, 10, 70, 27, 45, 61, 57, 79, 35, 21, 12, 2, 40, 6, 64, 49, 82, 76, 47, 74, 88, 71, 86, 62, 46, 67, 55, 90, 83, 37, 51, 22, 80, 91, 3, 33, 8, 23, 26, 16, 14, 30, 68, 78, 92]
 127326.92248150536 207.93509124497447 127326.92248150536


93
[0, 88, 77, 83, 18, 62, 32, 68, 75, 24, 87, 37, 17, 31, 28, 55, 3, 65, 22, 76, 2, 56, 74, 11, 51, 7, 14, 20, 6, 92, 66, 60, 33, 81, 58, 10, 43, 9, 61, 44, 8, 73, 52, 86, 23, 90, 84, 34, 64, 39, 27, 69, 72, 78, 93, 91, 47, 82, 49, 71, 89, 40, 50, 42, 16, 80, 25, 30, 5, 41, 21, 63, 45, 15, 85, 35, 46, 67, 36, 38, 19, 57, 1, 29, 26, 12, 4, 54, 48, 53, 59, 70, 79, 13, 94]
 102496.9678730704 154.73107663277173 102496.9678730704


98
[0, 43, 1, 56, 58, 4, 2, 3, 57, 12, 84, 67, 49, 68, 65, 88, 79, 41, 40, 46, 75, 72, 73, 18, 37, 63, 95, 50, 78, 55, 70, 9, 11, 80, 8, 44, 69, 86, 59, 98, 76, 96, 39, 82, 29, 6, 85, 94, 87, 61, 5, 19, 26, 81, 7, 92, 52, 23, 54, 38, 17, 60, 10, 45, 27, 47, 21, 83, 93, 62, 90, 20, 28, 22, 51, 24, 91, 53, 16, 32, 33, 48, 14, 13, 36, 25, 89, 30, 42, 77, 64, 15, 31, 74, 97, 66, 71, 34, 35, 99] 
 143493.79733788827 240.4168927233255 143493.79733788827



98B
 [0, 43, 1, 58, 56, 4, 3, 57, 2, 12, 84, 67, 72, 75, 40, 41, 46, 49, 68, 65, 88, 79, 73, 18, 37, 63, 95, 50, 78, 69, 44, 86, 11, 9, 55, 70, 80, 8, 59, 98, 76, 96, 39, 82, 29, 6, 85, 94, 87, 23, 92, 7, 52, 19, 81, 26, 5, 61, 10, 38, 17, 54, 60, 30, 42, 77, 64, 15, 27, 45, 47, 21, 83, 13, 14, 33, 48, 32, 36, 25, 89, 16, 53, 91, 24, 51, 22, 28, 90, 20, 93, 62, 31, 74, 97, 66, 71, 34, 35, 99]
 142450.94183247563 240.83997229450895 142450.94183247563



104
[0, 12, 90, 98, 45, 38, 36, 99, 5, 64, 83, 87, 15, 86, 9, 51, 95, 60, 16, 91, 13, 56, 23, 74, 40, 6, 97, 73, 21, 63, 31, 46, 80, 62, 58, 7, 11, 8, 77, 81, 48, 85, 53, 47, 33, 29, 61, 72, 93, 69, 68, 76, 101, 94, 92, 17, 89, 39, 103, 104, 88, 19, 35, 26, 30, 4, 66, 57, 24, 59, 10, 14, 28, 2, 65, 20, 55, 42, 100, 3, 22, 32, 43, 1, 79, 54, 102, 44, 67, 34, 52, 27, 70, 75, 82, 84, 18, 50, 78, 71, 25, 37, 49, 96, 41, 105]
 105038.94411292358 179.99914646601871 105038.94411292358

105
[0, 21, 73, 70, 103, 104, 49, 58, 14, 90, 60, 47, 45, 27, 92, 94, 43, 63, 69, 78, 86, 85, 51, 105, 97, 102, 40, 74, 98, 71, 88, 65, 2, 17, 18, 50, 8, 12, 9, 59, 37, 22, 93, 5, 41, 83, 42, 54, 82, 3, 30, 76, 35, 29, 26, 61, 4, 36, 23, 24, 7, 11, 19, 20, 34, 15, 44, 6, 16, 10, 32, 75, 13, 53, 52, 33, 28, 25, 66, 91, 38, 48, 81, 101, 80, 100, 96, 67, 46, 89, 87, 31, 39, 72, 64, 62, 1, 55, 75, 95, 79, 84, 99, 56, 57, 68, 106]
 137413.96139127365 232.9509918139819 137413.96139127365


106
[0, 52, 15, 33, 10, 60, 9, 51, 14, 54, 7, 11, 29, 66, 78, 69, 27, 92, 20, 45, 5, 18, 48, 19, 90, 86, 72, 65, 16, 81, 83, 22, 56, 62, 104, 85, 68, 100, 97, 95, 38, 99, 77, 91, 101, 21, 26, 17, 59, 24, 39, 6, 50, 73, 34, 30, 57, 13, 88, 28, 58, 93, 75, 42, 74, 23, 40, 41, 71, 105, 36, 3, 25, 4, 32, 87, 46, 1, 82, 2, 31, 49, 96, 47, 106, 63, 98, 80, 44, 102, 37, 43, 67, 70, 61, 103, 35, 8, 79, 64, 53, 12, 76, 94, 89, 84, 55, 107]
202.7743876556801 124620.41307932323


110
[0, 84, 22, 104, 98, 14, 23, 17, 7, 4, 12, 11, 92, 86, 15, 91, 93, 43, 36, 75, 30, 19, 88, 100, 34, 76, 3, 56, 97, 65, 18, 94, 25, 70, 99, 59, 9, 64, 58, 109, 95, 102, 96, 87, 2, 57, 71, 13, 38, 73, 46, 48, 1, 63, 41, 77, 51, 8, 54, 49, 52, 82, 66, 106, 40, 72, 26, 39, 6, 32, 89, 5, 21, 42, 27, 16, 55, 67, 62, 44, 10, 61, 33, 101, 69, 79, 47, 53, 35, 81, 107, 90, 78, 85, 74, 80, 60, 105,550, 20, 103, 37, 68, 28, 24, 83, 31, 110, 45, 108, 29, 111]
 119812.02146648015 210.17876013078563 119812.02146648015

110B
 [0, 45, 79, 110, 8, 104, 10, 100, 60, 98, 37, 18, 70, 101, 103, 14, 59, 90, 91, 51, 12, 58, 50, 73, 57, 52, 28, 105, 68, 81, 64, 86, 55, 27, 20, 80, 95, 54, 2, 63, 71, 1, 102, 93, 49, 33, 17, 15, 5, 53, 48, 30, 56, 76, 31, 22, 4, 65, 19, 35, 21, 88, 26, 7, 25, 61, 32, 74, 78, 3, 24, 13, 34, 11, 69, 36, 83, 23, 42, 6, 38, 85, 16, 46, 39, 41, 72, 44, 47, 97, 92, 108, 87, 99, 94, 109, 66, 83, 43, 89, 77, 9, 62, 40, 96, 107, 75, 29, 106, 84, 67, 111]
 112110.29073370392 240.52896193603132 112110.29073370392

110C
[0, 17, 57, 85, 108, 67, 60, 88, 80, 110, 73, 59, 99, 96, 58, 95, 106, 25, 49, 75, 42, 87, 31, 5, 52, 89, 98, 22, 65, 6, 54, 51, 81, 83, 1, 33, 21, 53, 7, 9, 63, 19, 11, 90, 86, 47, 29, 64, 28, 8, 2, 82, 61, 39, 23, 34, 38, 55, 18, 45, 109, 71, 92, 102, 107, 44, 36, 41, 46, 105, 100, 24, 56, 66, 101, 3, 26, 104, 27, 35, 40, 103, 97, 62, 77, 12, 91, 70, 10, 4, 20, 79, 93, 84, 48, 43, 78, 12, 16, 76, 14, 50, 68, 13, 30, 15, 74, 69, 32, 94, 37, 111]
 155340.0907855093 256.29977173307327 155340.0907855093


114
[0, 65, 93, 62, 78, 111, 13, 108, 23, 40, 94, 44, 107, 72, 11, 21, 49, 98, 86, 47, 33, 109, 104, 64, 12, 73, 5, 10, 29, 18, 17, 3, 26, 84, 9, 22, 56, 15, 90, 14, 55, 99, 4, 59, 74, 89, 77, 28, 42, 8, 68, 53, 106, 92, 50, 82, 79, 113, 16, 88, 97, 39, 87, 58, 103, 75, 114, 66, 85, 70, 81, 35, 34, 25, 91, 36, 2, 101, 102, 7, 27, 45, 19, 30, 32, 48, 6, 46, 20, 76, 31, 24, 43, 95, 38, 80, 100, 105, 110, 37, 96, 67, 54, 61, 112, 71, 51, 60, 57, 69, 83, 52, 1, 41, 63, 115]
 132315.8521365414 228.947834624282

115
[0, 41, 92, 107, 30, 86, 42, 77, 80, 112, 61, 81, 105, 83, 7, 52, 11, 33, 64, 67, 14, 21, 23, 3, 99, 6, 70, 31, 15, 43, 32, 19, 5, 13, 36, 54, 26, 87, 93, 89, 59, 69, 44, 90, 102, 94, 47, 16, 22, 51, 37, 1, 27, 45, 8, 53, 28, 96, 34, 65, 18, 4, 63, 62, 97, 10, 57, 9, 39, 68, 73, 56, 114, 74, 110, 35, 78, 115, 113, 46, 101, 100, 38, 106, 85, 20, 84, 17, 111, 95, 40, 72, 104, 82, 2, 71, 58, 79, 29, 108, 50, 75, 76, 88, 103, 49, 66, 48, 12, 91, 109, 60, 98, 24, 55, 25,,116]
 133907.07576040862 220.03141882434582 133907.07576040862


116
[0, 28, 39, 59, 16, 84, 46, 67, 111, 18, 27, 13, 52, 110, 73, 19, 33, 37, 21, 17, 3, 61, 5, 63, 7, 79, 34, 105, 65, 70, 81, 11, 97, 91, 93, 22, 103, 9, 42, 12, 104, 88, 35, 57, 50, 41, 29, 92, 99, 60, 109, 85, 14, 8, 4, 23, 25, 101, 45, 43, 36, 38, 78, 64, 76, 10, 24, 40, 71, 89, 44, 20, 54, 48, 114, 26, 66, 30, 2, 80, 82, 49, 31, 83, 6, 98, 58, 55, 72, 69, 68, 51, 86, 47, 116, 115, 74, 53, 95, 90, 108, 107, 56, 87, 106, 15, 62, 32, 1, 96, 102, 77, 94, 113, 112, 1009 75, 117]
 117788.73187481567 157.0809036593176 117788.73187481567


117
[0, 88, 1, 2, 59, 114, 113, 73, 62, 53, 99, 47, 60, 92, 9, 81, 77, 97, 14, 26, 37, 98, 66, 24, 29, 11, 15, 41, 52, 18, 38, 22, 21, 4, 64, 8, 10, 27, 16, 20, 55, 68, 104, 65, 89, 91, 31, 39, 34, 12, 80, 44, 105, 94, 40, 57, 84, 48, 75, 42, 19, 76, 78, 110, 54, 72, 112, 111, 28, 115, 96, 69, 106, 83, 117, 107, 23, 109, 79, 61, 50, 6, 86, 49, 101, 30, 35, 85, 74, 95, 51, 87, 90, 103, 17, 32, 43, 58, 100, 3, 82, 102, 36, 70, 67, 7, 56, 45, 13, 63, 116, 93, 108, 5, 71, 46, 25, 33, 118]
 142169.22234047865 238.66832617170985 


119
  [0, 118, 79, 61, 40, 111, 75, 69, 106, 62, 47, 32, 72, 110, 73, 57, 56, 54, 74, 50, 59, 78, 91, 16, 15, 22, 39, 11, 29, 60, 30, 96, 4, 104, 25, 105, 107, 76, 20, 99, 13, 81, 119, 114, 102, 49, 115, 46, 14, 8, 38, 64, 23, 48, 34, 27, 103, 28, 18, 33, 7, 36, 5, 35, 95, 85, 94, 19, 51, 89, 101, 55, 63, 24, 45, 44, 37, 112, 26, 10, 100, 53, 87, 31, 68, 21, 2, 12, 67, 108, 109, 93, 92, 116, 83, 86, 80, 98, 82, 65, 6, 9, 41, 66, 52, 1, 84, 113, 77, 42, 17, 70, 58, 71, 88, 3, 43, 117, 90, 97, 120]
 150199.9436827478 251.91578364254246


121
[0, 50, 121, 120, 31, 113, 98, 115, 5, 22, 90, 55, 75, 101, 28, 78, 46, 106, 107, 32, 68, 103, 45, 14, 86, 26, 24, 19, 30, 16, 18, 82, 8, 15, 49, 105, 39, 29, 65, 10, 7, 1, 110, 67, 53, 35, 21, 77, 91, 109, 61, 40, 51, 97, 92, 48, 58, 119, 63, 88, 84, 87, 66, 36, 85, 76, 34, 102, 112, 47, 69, 6, 17, 12, 20, 33, 42, 79, 44, 27, 94, 118, 74, 23, 54, 81, 71, 56, 114, 117, 11, 111, 100, 108, 2, 96, 72, 25, 43, 37, 3, 9, 41, 93, 89, 80, 99, 13, 4, 57, 62, 83, 59, 104, 70, 64, 38, 95, 73, 60, 52, 116, 122]
 143498.3444165025 233.7960968901728


121B
[0, 66, 67, 112, 37, 32, 119, 120, 11, 15, 115, 85, 109, 31, 28, 60, 81, 35, 47, 105, 51, 91, 78, 33, 24, 41, 84, 27, 65, 44, 88, 56, 43, 82, 101, 102, 30, 55, 52, 72, 5, 6, 54, 8, 93, 107, 110, 64, 104, 114, 108, 80, 121, 111, 42, 98, 39, 61, 48, 58, 1, 36, 62, 26, 77, 2, 25, 40, 83, 73, 103, 46, 100, 50, 76, 94, 97, 118, 45, 117, 63, 92, 38, 113, 95, 79, 86, 49, 23, 34, 70, 14, 12, 18, 9, 20, 21, 89, 116, 74, 19, 53, 96, 90, 10, 68, 22, 17, 13, 7, 71, 87, 99, 4, 16, 3, 75, 106, 69, 29, 57, 59, 122]
 142619.3831699171 242.75669368045226

123
[0, 69, 45, 99, 77, 14, 78, 113, 95, 56, 104, 110, 80, 25, 44, 38, 31, 5, 16, 83, 68, 64, 97, 23, 81, 29, 109, 35, 46, 105, 123, 108, 116, 117, 84, 118, 54, 100, 79, 9, 70, 75, 87, 36, 103, 91, 101, 73, 119, 20, 52, 61, 98, 39, 92, 120, 67, 57, 32, 12, 1, 59, 21, 28, 94, 82, 26, 4, 50, 65, 58, 30, 37, 10, 15, 27, 18, 13, 6, 43, 88, 33, 63, 121, 71, 115, 62, 7, 86, 17, 42, 114, 85, 41, 60, 106, 3, 51, 66, 90, 8, 112, 22, 2, 102, 96, 49, 76, 72, 107, 89, 93, 48, 11, 34, 74, 53, 40, 19, 47, 24, 55, 111, 122, 124]
 154871.69348072103 253.98680946275425

127
[0, 110, 38, 71, 85, 126, 102, 119, 9, 29, 21, 13, 66, 115, 81, 112, 43, 99, 60, 89, 104, 57, 92, 40, 107, 91, 93, 26, 8, 18, 10, 24, 7, 20, 116, 106, 64, 87, 52, 59, 39, 27, 124, 100, 47, 84, 76, 67, 49, 63, 108, 45, 69, 97, 44, 55, 33, 34, 70, 58, 79, 51, 50, 48, 77, 86, 80, 42, 68, 31, 74, 41, 65, 118, 123, 94, 82, 53, 61, 32, 75, 35, 78, 111, 127, 72, 105, 96, 2, 54, 11, 23, 30, 22, 6, 5, 3, 4, 98, 114, 120, 103, 25, 88, 113, 90, 121, 17, 62, 56, 19, 1, 15, 28, ,2, 16, 14, 83, 73, 46, 125, 109, 117, 36, 37, 122, 101, 95, 128]
 143148.63865905776 253.808710551169 143148.63865905776


128
 [0, 98, 18, 90, 44, 116, 128, 76, 35, 115, 75, 88, 86, 51, 24, 48, 3, 22, 14, 68, 92, 8, 89, 66, 10, 64, 63, 46, 87, 101, 105, 95, 110, 55, 54, 33, 102, 79, 12, 71, 111, 34, 123, 40, 59, 25, 108, 83, 52, 53, 50, 9, 5, 1, 60, 15, 26, 43, 17, 20, 27, 21, 6, 19, 28, 7, 96, 16, 31, 2, 36, 124, 121, 38, 56, 103, 81, 113, 127, 4, 30, 45, 58, 47, 69, 32, 118, 94, 74, 125, 72, 112, 57, 13, 99, 119, 77, 11, 122, 104, 85, 41, 39, 107, 70, 49, 37, 97, 126, 42, 80, 91, 73, 109, 120, 106, 78, 82, 67, 93, 117, 114, 23, 65, 84, 29, 61, 100, 62, 129]
 161581.8737512509 262.17129985251285

129
 [0, 5, 36, 110, 2, 75, 126, 91, 94, 68, 116, 42, 119, 61, 105, 84, 67, 27, 20, 28, 21, 19, 25, 22, 96, 3, 16, 44, 18, 35, 57, 111, 51, 34, 55, 82, 17, 92, 23, 30, 59, 14, 58, 90, 87, 40, 71, 66, 8, 113, 60, 7, 79, 6, 101, 99, 50, 104, 9, 39, 29, 65, 85, 72, 11, 117, 37, 15, 108, 115, 74, 100, 86, 43, 70, 63, 33, 41, 129, 76, 62, 102, 114, 69, 77, 109, 125, 54, 10, 98, 127, 112, 73, 49, 31, 45, 46, 4, 64, 95, 32, 56, 89, 52, 26, 124, 93, 97, 47, 107, 103, 80, 48, 53, 122, 81, 12, 106, 118, 88, 78, 13, 1, 120, 38, 123, 128, 121, 24, 83, 130]
 162659.41492431154 266.75669074549205


135
 [0, 119, 121, 134, 108, 32, 1, 69, 63, 56, 107, 71, 15, 114, 133, 40, 25, 58, 72, 46, 42, 85, 98, 50, 27, 29, 87, 105, 123, 16, 74, 17, 111, 44, 61, 10, 22, 66, 77, 54, 6, 36, 7, 45, 20, 18, 11, 13, 64, 89, 81, 38, 12, 28, 52, 100, 23, 84, 125, 82, 2, 79, 115, 129, 94, 49, 57, 122, 76, 53, 24, 70, 35, 109, 39, 80, 9, 48, 99, 31, 93, 101, 132, 67, 51, 86, 30, 19, 59, 41, 43, 4, 60, 78, 120, 55, 124, 110, 130, 127, 92, 95, 90, 118, 96, 37, 68, 116, 113, 131, 3, 21, 103, 62, 88, 112, 14, 106, 47, 8, 73, 97, 65, 83, 26, 5, 34, 104, 117, 75, 135, 128, 91, 33, 126, 102, 136]
 146832.89456889688 244.46841319265528 
 
 
136
[0, 3, 2, 126, 18, 22, 23, 108, 46, 114, 92, 75, 112, 26, 32, 123, 52, 97, 65, 38, 8, 28, 13, 74, 20, 10, 78, 12, 103, 21, 98, 4, 102, 53, 25, 119, 45, 58, 17, 60, 109, 72, 73, 5, 129, 110, 122, 125, 131, 43, 84, 77, 121, 27, 115, 128, 68, 101, 134, 34, 63, 42, 6, 62, 36, 64, 47, 16, 37, 11, 29, 19, 14, 94, 1, 93, 133, 85, 24, 50, 9, 99, 33, 35, 59, 70, 7, 71, 81, 106, 120, 82, 54, 118, 76, 116, 44, 61, 39, 136, 57, 69, 31, 104, 132, 111, 91, 130, 49, 135, 89, 113, 127, 124, 67, 95, 90, 79, 100, 96, 87, 30, 107, 48, 86, 117, 80, 105, 41, 66, 83, 56, 88, 51, 55, 40, 15, 137]
 142076.81371983496 237.06397571556334


143
  [0, 54, 55, 134, 73, 107, 1, 132, 17, 22, 121, 43, 77, 104, 19, 71, 123, 131, 120, 115, 35, 98, 44, 21, 46, 82, 11, 30, 69, 8, 34, 14, 125, 26, 41, 3, 63, 128, 105, 78, 49, 117, 100, 70, 76, 85, 75, 95, 68, 90, 126, 136, 93, 140, 67, 31, 51, 112, 109, 139, 92, 88, 102, 80, 61, 81, 108, 96, 64, 66, 111, 143, 137, 74, 130, 7, 127, 97, 52, 32, 99, 138, 89, 29, 83, 58, 119, 124, 12, 39, 25, 20, 4, 56, 53, 42, 47, 129, 16, 36, 27, 50, 86, 87, 110, 122, 45, 94, 118, 103, 59, 133, 142, 114, 135, 91, 116, 24, 18, 72, 38, 6, 37, 33, 84, 141, 65, 101, 106, 15, 40, 23, 9, 28, 48, 57, 10, 2, 5, 13, 113, 60, 62, 79, 144]
 141343.213499434 231.57580007888455 


145
 [0, 59, 39, 141, 129, 34, 45, 114, 69, 115, 116, 50, 73, 100, 79, 12, 18, 23, 117, 17, 84, 139, 123, 25, 144, 6, 140, 137, 136, 2, 68, 30, 31, 97, 62, 41, 3, 11, 8, 56, 15, 9, 28, 36, 106, 13, 64, 19, 135, 65, 83, 134, 131, 51, 71, 53, 24, 22, 58, 81, 1, 125, 75, 5, 61, 77, 7, 91, 29, 132, 96, 120, 92, 86, 33, 42, 49, 104, 111, 122, 67, 121, 26, 52, 32, 55, 138, 37, 57, 21, 16, 20, 44, 70, 107, 90, 133, 46, 142, 89, 103, 43, 85, 4, 66, 48, 130, 127, 78, 99, 108, 10, 88, 87, 94, 112, 95, 60, 38, 98, 128, 145, 101, 118, 124, 47, 93, 102, 54, 72, 14, 109, 119, 82, 40, 110, 76, 126, 35, 113, 63, 143, 80, 74, 105, 27, 146]
 169407.0494396447 269.2452722890996 


165
  [0, 91, 89, 70, 25, 9, 77, 116, 66, 119, 152, 105, 48, 42, 28, 23, 114, 44, 141, 101, 110, 134, 98, 78, 75, 73, 147, 149, 157, 145, 37, 138, 22, 14, 132, 15, 2, 19, 106, 49, 128, 102, 126, 59, 100, 43, 8, 29, 30, 76, 10, 123, 38, 21, 56, 4, 17, 124, 68, 118, 53, 112, 57, 125, 39, 81, 82, 150, 7, 79, 58, 74, 12, 33, 31, 67, 65, 32, 20, 159, 85, 142, 140, 144, 133, 155, 83, 84, 158, 95, 146, 148, 40, 18, 162, 69, 161, 71, 122, 60, 50, 47, 156, 151, 93, 52, 35, 103, 86, 63, 163, 165, 99, 113, 130, 153, 36, 107, 143, 108, 94, 109, 72, 13, 117, 135, 129, 51, 164, 96, 92, 131, 26, 154, 104, 3, 90, 27, 5, 115, 64, 127, 139, 45, 88, 46, 61, 54, 16, 120, 97, 80, 1, 137, 111, 34, 24, 11, 6, 121, 41, 87, 55, 62, 160, 136, 166]
 182226.77329824335 266.80699892197623 182226.77329824335
