
87B
[0, 60, 79, 76, 67, 13, 64, 44, 49, 12, 61, 4, 7, 30, 26, 38, 62, 73, 16, 2, 32, 19, 10, 18, 23, 45, 71, 34, 70, 55, 80, 74, 53, 57, 66, 48, 72, 68, 86, 84, 85, 81, 35, 83, 8, 54, 14, 58, 37, 50, 20, 22, 40, 5, 43, 52, 3, 21, 17, 6, 9, 41, 1, 11, 65, 51, 15, 39, 28, 36, 42, 56, 87, 78, 46, 59, 75, 47, 29, 33, 82, 63, 25, 69, 27, 31, 24, 77, 88]
 55236.50385495078 195.28638271656382 55236.50385495078



87C
87583.40598628185 [0, 14, 46, 75, 9, 83, 54, 78, 27, 30, 48, 52, 11, 61, 39, 67, 10, 1, 57, 31, 84, 64, 2, 38, 70, 4, 74, 32, 16, 56, 13, 72, 51, 79, 12, 68, 28, 49, 65, 21, 60, 59, 47, 23, 20, 42, 76, 8, 69, 19, 50, 37, 81, 80, 73, 87, 41, 44, 34, 45, 53, 36, 55, 86, 77, 62, 40, 58, 33, 85, 71, 17, 26, 15, 24, 25, 5, 18, 43, 29, 82, 63, 6, 22, 7, 66, 35, 3, 88]
231.64165591323024 87583.40598628185



88
64078.36593890698 [0, 74, 81, 32, 39, 42, 47, 44, 31, 59, 70, 73, 35, 26, 77, 23, 30, 29, 6, 55, 57, 8, 1, 53, 83, 19, 33, 76, 38, 22, 41, 75, 64, 88, 65, 82, 28, 7, 17, 86, 48, 20, 61, 14, 21, 2, 4, 63, 49, 15, 25, 66, 60, 24, 62, 43, 67, 58, 16, 84, 72, 51, 71, 18, 27, 40, 46, 87, 69, 52, 10, 12, 3, 34, 36, 11, 56, 13, 85, 80, 79, 54, 5, 50, 78, 9, 45, 37, 68, 89]
201.87809780065015 64078.36593890698



90
76175.84771652793 [0, 73, 47, 46, 82, 54, 7, 65, 86, 4, 59, 63, 33, 56, 42, 72, 9, 67, 2, 20, 30, 18, 44, 10, 28, 13, 64, 62, 52, 50, 69, 83, 19, 84, 77, 29, 39, 16, 74, 48, 41, 68, 58, 36, 11, 90, 60, 6, 78, 61, 85, 80, 57, 23, 55, 1, 17, 22, 14, 35, 53, 27, 25, 26, 21, 87, 45, 31, 15, 12, 76, 34, 49, 5, 75, 51, 66, 79, 43, 32, 71, 8, 70, 37, 3, 38, 88, 40, 24, 89, 81, 91]
219.66504988693947 76175.84771652793

91
63478.40924290821 [0, 78, 68, 8, 33, 14, 23, 16, 30, 26, 3, 51, 37, 22, 83, 91, 80, 90, 55, 46, 67, 62, 86, 71, 88, 74, 47, 76, 28, 75, 31, 10, 38, 70, 27, 45, 61, 57, 79, 40, 21, 2, 6, 35, 12, 64, 49, 82, 18, 69, 54, 84, 43, 66, 20, 15, 48, 5, 41, 60, 34, 1, 72, 9, 17, 4, 7, 11, 19, 13, 36, 42, 25, 85, 29, 65, 50, 59, 32, 81, 77, 24, 52, 53, 58, 44, 39, 89, 73, 87, 63, 56, 92]
199.8737255253318 63478.40924290821


93
 [0, 88, 33, 8, 73, 10, 44, 61, 9, 43, 81, 58, 24, 6, 20, 74, 3, 65, 17, 66, 60, 51, 28, 55, 22, 76, 2, 56, 87, 37, 92, 14, 7, 31, 11, 75, 68, 32, 18, 62, 83, 77, 48, 53, 59, 70, 54, 78, 93, 91, 47, 82, 49, 71, 89, 40, 50, 42, 16, 80, 85, 25, 30, 35, 63, 45, 41, 21, 15, 5, 1, 29, 26, 46, 67, 36, 12, 4, 57, 38,419, 64, 39, 27, 34, 84, 72, 69, 52, 86, 23, 90, 79, 13, 94]
 31884.021268248027 181.34282206035454 31884.021268248027



98
 [0, 1, 43, 31, 17, 38, 54, 60, 10, 30, 42, 64, 77, 15, 27, 45, 21, 47, 83, 93, 62, 90, 20, 28, 22, 51, 24, 91, 53, 16, 48, 13, 36, 25, 33, 32, 14, 89, 94, 29, 6, 85, 87, 7, 92, 52, 23, 81, 5, 26, 19, 61, 82, 96, 39, 76, 98, 59, 86, 50, 78, 95, 73, 37, 18, 63, 44, 69, 8, 80, 9, 11, 70, 55, 49, 68, 88, 79, 65, 40, 46, 41, 75, 72, 12, 84, 67, 57, 3, 2, 4, 58, 56, 97, 74, 66, 71, 34, 35, 99] 
 80717.18880820865 243.14119518636554 80717.18880820865



98B
 [0, 33, 8, 34, 66, 63, 73, 10, 62, 19, 3, 13, 1, 85, 20, 86, 9, 55, 7, 37, 36, 35, 42, 43, 5, 87, 29, 22, 59, 12, 68, 71, 49, 26, 25, 11, 95, 56, 72, 52, 16, 78, 23, 89, 27, 28, 41, 24, 77, 98, 96, 2, 90, 48, 17, 54, 4, 94, 15, 64, 97, 81, 40, 70, 53, 83, 91, 93, 74, 79, 76, 46, 60, 18, 92, 39, 6, 38, 50, 47,,58, 80, 67, 84, 44, 57, 75, 30, 61, 65, 69, 14, 21, 31, 45, 88, 32, 51, 82, 99]
 77143.05630454974 237.8274690354329 77143.05630454974



104
 [0, 98, 45, 38, 90, 12, 41, 36, 99, 5, 87, 83, 64, 15, 86, 9, 51, 95, 60, 16, 80, 21, 56, 11, 97, 31, 40, 62, 13, 73, 46, 7, 74, 23, 58, 63, 6, 91, 81, 53, 8, 33, 85, 48, 47, 77, 78, 50, 67, 34, 102, 44, 55, 20, 42, 100, 32, 3, 22, 43, 1, 79, 54, 52, 70, 27, 75, 82, 84, 14, 28, 10, 59, 2, 65, 19, 66, 30, 24, 4, 26, 35, 57, 88, 18, 104, 103, 17, 89, 39, 92, 101, 94, 71, 68, 76, 25, 69, 37, 93, 72, 61, 29, 96, 49, 105]
 55755.68268927694 180.00803615269024 55755.68268927694

105
 [0, 21, 57, 99, 56, 84, 79, 95, 77, 72, 64, 62, 1, 55, 87, 39, 31, 54, 82, 3, 30, 76, 32, 16, 20, 35, 34, 23, 11, 4, 29, 13, 10, 61, 7, 36, 44, 24, 6, 26, 75, 19, 15, 25, 52, 28, 33, 53, 66, 91, 38, 48, 101, 81, 65, 88, 74, 71, 98, 97, 51, 105, 102, 40, 50, 12, 17, 2, 18, 9, 59, 37, 8, 22, 93, 42, 83, 5, 41, 80, 100, 96, 67, 46, 86, 78, 85, 69, 63, 43, 94, 89, 92, 27, 45, 60, 47, 14, 90,,58, 49, 70, 104, 103, 73, 68, 106]
 79315.30190115652 221.81348243999534 79315.30190115652



106
0, 52, 84, 55, 89, 20, 33, 11, 9, 27, 15, 69, 10, 14, 66, 54, 92, 60, 29, 51, 7, 78, 45, 72, 90, 18, 5, 86, 19, 48, 65, 16, 83, 81, 22, 85, 68, 56, 62, 104, 97, 95, 38, 99, 91, 77, 100, 76, 12, 79, 53, 64, 8, 94, 35, 103, 61, 70, 43, 67, 37, 101, 26, 21, 102, 80, 44, 59, 24, 39, 6, 57, 17, 73, 34, 50, 30, 13, 88, 28, 98, 3, 36, 105, 71, 41, 25, 4, 32, 87, 1, 46, 82, 2, 31, 49, 63, 96, 1 6, 47, 40, 74, 23, 42, 75, 58, 93, 107]
 59502.73846261129 198.4585146980366 59502.73846261129



110
 [0, 84, 104, 22, 29, 108, 45, 110, 98, 40, 72, 26, 39, 6, 32, 89, 67, 5, 69, 55, 53, 27, 61, 21, 47, 33, 44, 62, 101, 10, 16, 42, 79, 49, 54, 8, 52, 82, 66, 106, 51, 81, 35, 90, 107, 80, 74, 60, 105, 103, 20, 50, 78, 85, 46, 2, 57, 38, 73, 48, 71, 13, 1, 41, 63, 77, 87, 96, 37, 102, 95, 109, 58, 68, 28, 24, 83, 14, 23, 70, 99, 18, 59, 65, 9, 25, 94, 64, 97, 7, 91, 36, 43, 92, 15, 17, 56,686, 11, 30, 88, 19, 3, 93, 34, 75, 76, 12, 100, 4, 31, 111]
 66888.39916159907 205.78612613903238 66888.39916159907

110B
[0, 75, 29, 107, 96, 62, 40, 9, 12, 52, 57, 73, 58, 28, 50, 105, 81, 64, 68, 55, 86, 27, 66, 93, 49, 71, 102, 1, 80, 20, 54, 95, 63, 2, 108, 87, 99, 4, 65, 35, 19, 21, 88, 26, 34, 24, 78, 74, 6, 13, 23, 11, 42, 36, 25, 7, 83, 3, 32, 69, 38, 61, 41, 39, 85, 46, 16, 72, 44, 47, 92, 97, 5, 17, 33, 48, 53, 15, 30, 56, 22, 31, 76, 94, 109, 82, 89, 43, 77, 51, 59, 91, 103, 18, 101, 14, 90, 70, 37, 98, 104, 10, 60, 100, 8, 110, 45, 79, 106, 84, 67, 111] 
 62664.61655763013 180.52004560244765 62664.61655763013

110C
[0, 17, 6, 54, 51, 81, 83, 38, 55, 34, 23, 86, 21, 8, 47, 82, 19, 53, 39, 28, 11, 63, 61, 29, 7, 64, 1, 2, 33, 90, 9, 18, 109, 71, 45, 92, 107, 44, 36, 41, 46, 105, 100, 102, 56, 66, 24, 101, 3, 26, 104, 27, 35, 103, 40, 97, 62, 77, 12, 70, 91, 10, 93, 79, 20, 4, 84, 48, 43, 78, 50, 68, 15, 32, 69, 74, 13, 30, 14, 76, 16, 72, 87, 52, 89, 5, 31, 65, 98, 22, 96, 58, 95, 106, 25, 49, 42, 757 99, 59, 73, 110, 80, 88, 60, 67, 57, 85, 108, 37, 94, 111]
 95919.96363875412 269.16156025560775 95919.96363875412


114
 [0, 25, 55, 41, 24, 92, 107, 30, 86, 42, 77, 80, 67, 61, 64, 83, 7, 33, 15, 6, 112, 14, 99, 43, 3, 70, 21, 31, 11, 81, 105, 23, 32, 52, 19, 54, 26, 5, 36, 87, 93, 89, 13, 58, 71, 2, 28, 37, 53, 45, 1, 22, 16, 51, 27, 8, 65, 18, 4, 34, 96, 63, 62, 97, 10, 57, 20, 106, 85, 38, 100, 101, 46, 84, 17, 113, 111, 68, 39, 73, 9, 56, 115, 114, 74, 110, 78, 35, 95, 72, 104, 40, 82, 47, 94, 102, 90, 44, 103, 29, 108, 50, 75, 76, 88, 79, 66, 49, 48, 59, 69, 12, 91, 109, 98, 60, 116]
205.06639788156411 71967.33707674382

115
[0, 25, 55, 41, 24, 98, 60, 109, 91, 92, 107, 30, 86, 42, 77, 80, 112, 99, 105, 83, 7, 61, 81, 21, 23, 32, 52, 64, 67, 14, 43, 3, 33, 15, 6, 70, 31, 11, 19, 13, 36, 54, 26, 5, 87, 93, 89, 12, 66, 49, 48, 59, 69, 44, 90, 29, 108, 76, 88, 50, 75, 103, 79, 58, 71, 2, 94, 102, 47, 82, 8, 1, 22, 16, 45, 37, 53, 51, 27, 28, 18, 65, 4, 34, 96, 63, 62, 72, 104, 40, 95, 78, 35, 110, 115, 74, 114, 56, 9, 68, 39, 73, 111, 113, 17, 84, 46, 100, 101, 38, 106, 85, 20, 57, 97, 10, 116]
 54482.391771521 181.72525809737607 54482.391771521


116
[0, 75, 28, 39, 100, 113, 112, 59, 16, 84, 67, 46, 111, 13, 18, 27, 52, 110, 73, 9, 103, 22, 7, 105, 3, 63, 91, 33, 70, 79, 21, 5, 81, 17, 93, 37, 65, 97, 11, 34, 61, 19, 42, 41, 92, 50, 35, 29, 57, 12, 88, 104, 94, 77, 96, 102, 87, 56, 106, 62, 32, 1, 15, 108, 53, 95, 90, 107, 99, 60, 109, 85, 101, 43, 8, 64, 23, 78, 36, 25, 45, 4, 38, 14, 10, 76, 24, 40, 71, 89, 44, 20, 74, 115, 47, 116, 86, 51, 68, 72, 69, 6, 2, 83, 31, 30, 66, 82, 98, 49, 55, 58, 80, 54, 48, 114, 26, 117] 
 70486.59599480302 208.65288502385692 70486.59599480302


117
 [0, 88, 2, 1, 59, 113, 114, 73, 62, 53, 99, 47, 92, 60, 9, 77, 81, 97, 14, 26, 37, 98, 66, 34, 39, 15, 31, 8, 10, 18, 64, 91, 27, 104, 11, 16, 20, 55, 65, 21, 24, 29, 4, 22, 89, 52, 41, 68, 38, 44, 40, 105, 12, 80, 94, 84, 57, 48, 75, 42, 19, 76, 78, 110, 54, 72, 23, 117, 107, 83, 106, 28, 115, 96, 69, 112, 111, 109, 79, 61, 50, 6, 86, 49, 101, 74, 85, 87, 95, 51, 90, 103, 17, 43, 32, 35, 30, 58, 100, 3, 82, 102, 36, 67, 7, 70, 56, 45, 13, 63, 93, 108, 116, 5, 71, 48, 25, 33, 118]
 83898.16251054456 221.4245720355248 83898.16251054456


119
 [0, 118, 40, 79, 61, 90, 43, 97, 117, 3, 88, 71, 17, 42, 70, 58, 80, 86, 83, 116, 92, 93, 109, 108, 89, 101, 55, 63, 24, 19, 51, 94, 45, 37, 44, 112, 26, 68, 100, 2, 10, 67, 21, 87, 12, 53, 31, 66, 41, 9, 98, 82, 65, 6, 77, 52, 1, 84, 113, 85, 5, 35, 36, 7, 95, 33, 46, 38, 34, 23, 14, 28, 64, 103, 8, 18, 48, 27, 114, 102, 49, 115, 99, 13, 81, 119, 107, 76, 105, 25, 20, 29, 11, 39, 91, 74, 59, 22, 15, 50, 78, 16, 104, 60, 96, 4, 30, 54, 56, 57, 73, 110, 32, 72, 47, 60, 111, 75, 69, 106, 120]
 91286.00362694765 239.41413811001888 91286.00362694765


121
[0, 66, 57, 29, 67, 32, 119, 120, 112, 37, 86, 49, 95, 79, 113, 92, 38, 63, 117, 94, 97, 118, 45, 76, 50, 100, 46, 103, 40, 77, 2, 25, 73, 83, 42, 1, 58, 62, 36, 98, 61, 39, 26, 48, 23, 111, 34, 70, 14, 20, 21, 9, 89, 116, 18, 12, 5, 6, 22, 17, 68, 53, 96, 10, 90, 121, 104, 64, 114, 108, 80, 107, 110, 93, 19, 74, 8, 54, 72, 52, 24, 81, 33, 41, 78, 84, 65, 47, 105, 27, 44, 109, 91, 31, 28, 35, 51, 85, 60, 115, 88, 30, 102, 43, 55, 56, 82, 101, 13, 7, 99, 71, 87, 4, 19, 11, 16, 3, 75, 106, 69, 59, 122]
 86544.78379036149 241.14206581289812 86544.78379036149


121B
Best one  [0, 116, 50, 98, 113, 31, 120, 121, 115, 5, 90, 22, 101, 55, 75, 28, 46, 78, 106, 107, 68, 32, 103, 45, 14, 82, 18, 15, 49, 8, 86, 24, 19, 16, 30, 26, 1, 29, 39, 35, 77, 105, 110, 21, 53, 67, 65, 7, 10, 91, 109, 61, 51, 40, 97, 92, 48, 58, 119, 63, 88, 84, 87, 36, 66, 85, 34, 76, 102, 112, 69, 47, 6, 20, 42, 12, 17, 33, 79, 27, 44, 94, 118, 74, 23, 81, 54, 71, 56, 114, 117, 11, 13, 89, 99, 93, 80, 37, 41, 3, 2, 9, 72, 100, 43, 25, 96, 108, 111, 4, 57, 62, 83, 59, 64, 104, 70, 38, 95, 73, 60, 52, 122]
 71093.83797556545 187.72906812745725 71093.83797556545


123
  [0, 122, 78, 68, 55, 111, 24, 19, 47, 40, 53, 74, 48, 11, 34, 93, 28, 65, 18, 59, 15, 21, 4, 30, 58, 13, 27, 6, 94, 10, 50, 26, 82, 37, 89, 107, 76, 72, 49, 96, 102, 2, 22, 8, 112, 66, 51, 90, 3, 106, 60, 85, 41, 114, 42, 17, 7, 86, 62, 115, 121, 71, 63, 33, 88, 43, 1, 12, 32, 57, 98, 20, 52, 61, 92, 39, 120, 67, 100, 79, 9, 75, 70, 87, 36, 91, 103, 101, 119, 73, 84, 117, 108, 116, 35, 46, 105, 123, 54, 118, 109, 29, 110, 38, 44, 25, 80, 31, 5, 16, 83, 97, 64, 23, 83, 95, 104, 56, 113, 14, 77, 45, 99, 69, 124]
 95312.98551310059 248.73857305173874 95312.98551310059

127
[0, 101, 95, 122, 36, 37, 109, 117, 125, 46, 126, 102, 119, 74, 41, 65, 49, 76, 67, 63, 108, 69, 45, 80, 44, 42, 55, 51, 68, 77, 58, 97, 79, 86, 31, 48, 34, 33, 70, 50, 84, 47, 100, 124, 27, 39, 52, 59, 94, 123, 118, 105, 72, 96, 2, 54, 11, 23, 30, 22, 6, 5, 113, 103, 25, 88, 93, 10, 26, 18, 8, 7, 24, 20, 116, 106, 87, 64, 75, 61, 35, 53, 32, 82, 78, 111, 127, 4, 3, 98, 114, 120, 90, 121, 17, 62, 56, 19, 92, 43, 89, 57, 104, 40, 60, 112, 99, 91, 107, 1, 15, 66, 81, 115, 9, 29, 21, 13, 12, 28, 16, 14, 73, 83, 85, 110, 38, 71, 128]
 89959.47288684367 217.48317607942508 89959.47288684367



128
[0, 62, 121, 38, 56, 103, 73, 91, 80, 42, 126, 37, 49, 70, 107, 39, 85, 104, 77, 11, 122, 119, 13, 99, 41, 97, 112, 57, 4, 30, 81, 113, 45, 127, 125, 72, 58, 47, 74, 32, 94, 69, 118, 124, 36, 2, 28, 1, 19, 17, 6, 20, 15, 5, 9, 21, 50, 27, 43, 60, 26, 16, 7, 96, 31, 109, 53, 120, 106, 78, 82, 67, 93, 117, 114, 55, 71, 79, 12, 54, 102, 33, 111, 34, 123, 40, 59, 25, 108, 83, 52, 65, 23, 110, 105, 101, 95, 87, 46, 63, 89, 66, 10, 64, 8, 14, 22, 68, 3, 92, 84, 29, 86, 51, 75, 88, 24, 48, 61, 100, 76, 115, 128, 35, 116, 44, 90, 18, 98, 129]
 92940.10566634749 260.70803968710004 92940.10566634749

129
[0, 5, 83, 36, 110, 123, 24, 121, 128, 73, 112, 127, 100, 74, 70, 86, 43, 63, 33, 41, 129, 62, 102, 76, 69, 114, 77, 109, 125, 54, 10, 98, 64, 95, 32, 56, 89, 52, 26, 93, 124, 97, 1, 13, 88, 78, 81, 12, 118, 106, 122, 53, 47, 107, 103, 80, 48, 4, 46, 45, 49, 31, 38, 120, 60, 7, 6, 101, 99, 79, 39, 29, 9, 104, 50, 108, 115, 117, 37, 15, 11, 72, 85, 65, 51, 34, 55, 111, 44, 35, 16, 18, 57, 27, 20, 21, 25, 19, 22, 28, 96, 105, 84, 67, 3, 23, 82, 92, 17, 119, 61, 42, 11 , 68, 59, 30, 58, 14, 90, 87, 8, 113, 71, 40, 66, 94, 91, 126, 75, 2, 130]
 98540.74925820477 260.2649447626219 98540.74925820477


135
 [0, 117, 75, 8, 62, 103, 106, 112, 88, 21, 47, 14, 73, 3, 5, 65, 97, 26, 83, 34, 104, 68, 96, 37, 131, 113, 116, 90, 95, 92, 127, 118, 55, 110, 130, 124, 120, 60, 78, 31, 93, 80, 9, 48, 99, 30, 43, 4, 59, 19, 41, 101, 132, 67, 51, 86, 39, 109, 70, 35, 85, 46, 58, 42, 72, 114, 25, 133, 40, 15, 69, 56, 71, 63, 107, 98, 12, 28, 38, 81, 61, 29, 87, 66, 77, 22, 20, 111, 6, 27, 17, 54, 50, 45, 44, 16, 7, 74, 105, 123, 10, 18, 36, 13, 11, 64, 89, 53, 24, 76, 122, 57, 94, 49, 129, 115, 79, 2, 125, 82, 84, 23, 100, 52, 1, 32, 108, 134, 121, 135, 91, 128, 33, 126, 102, 119, 136] 
 87543.97258292929 231.49886362773032 87543.97258292929

136
 [0, 2, 3, 80, 105, 126, 108, 23, 18, 22, 46, 114, 92, 26, 8, 65, 13, 123, 32, 52, 12, 74, 112, 20, 75, 10, 97, 103, 38, 28, 21, 78, 119, 53, 58, 25, 45, 102, 4, 98, 17, 109, 60, 73, 72, 5, 129, 110, 131, 125, 122, 84, 43, 77, 121, 115, 27, 128, 68, 101, 34, 134, 63, 42, 94, 1, 14, 93, 133, 81, 106, 120, 71, 7, 24, 70, 50, 99, 33, 59, 9, 85, 35, 82, 54, 118, 76, 116, 44, 61, 57, 39, 136, 69, 31, 104, 132, 36, 64, 6, 11, 16, 37, 47, 29, 62, 19, 111, 91, 130, 89, 49, 135, 113, 124, 127, 67, 100, 79, 90, 95, 96, 87, 30, 107, 48, 86, 117, 41, 66, 56, 83, 88, 51, 55, 40, 15, 137] 
 84664.13872051328 221.26291521498348 84664.13872051328


143
[0, 62, 73, 107, 1, 132, 121, 17, 22, 43, 77, 104, 100, 117, 70, 85, 76, 75, 92, 102, 88, 80, 61, 81, 60, 113, 9, 15, 101, 57, 40, 48, 23, 13, 28, 10, 5, 2, 106, 65, 141, 84, 33, 6, 37, 38, 72, 24, 18, 135, 114, 91, 116, 133, 142, 103, 59, 118, 94, 110, 45, 122, 50, 27, 86, 87, 36, 53, 39, 20, 42, 16, 12, 129, 25, 4, 47, 56, 124, 119, 58, 83, 29, 89, 138, 97, 52, 32, 99, 64, 96, 108, 66, 111, 143, 137, 74, 130, 7, 127, 112, 109, 51, 31, 139, 67, 140, 126, 136, 93, 90, 68, 95, 49, 78, 26, 14, 3, 125, 128, 105, 63, 41, 82, 123, 115, 120, 35, 19, 98, 69, 131, 21, 11, 71, 46, 30, 44, 8, 34, 134, 54, 55, 79, 144] 
 77212.00130434273 214.0774892112881 77212.00130434273


145
[0, 27, 143, 63, 113, 35, 40, 110, 76, 126, 82, 1, 81, 125, 77, 5, 61, 75, 7, 91, 29, 132, 96, 120, 86, 92, 49, 42, 33, 104, 111, 122, 67, 121, 26, 52, 32, 55, 138, 37, 57, 16, 20, 21, 44, 70, 107, 90, 103, 142, 89, 133, 46, 43, 85, 4, 66, 48, 130, 127, 78, 99, 10, 108, 88, 72, 118, 124, 101, 54, 47, 93, 102, 145, 128, 60, 38, 98, 112, 95, 87, 94, 14, 119, 109, 56, 106, 30, 36, 136, 68, 41, 97, 31, 144, 64, 6, 2, 3, 15, 140, 9, 8, 62, 137, 28, 25, 13, 11, 131, 71, 135, 83, 51, 65, 53, 134, 24, 19, 58, 22, 17, 84, 139, 123, 117, 18, 23, 79, 100,,12, 116, 73, 50, 69, 115, 34, 114, 45, 129, 141, 39, 80, 74, 105, 59, 146]
 100689.59347539823 255.27187430464198 100689.59347539823


165
  [0, 136, 116, 119, 66, 55, 87, 41, 121, 6, 1, 111, 137, 34, 24, 11, 80, 97, 120, 54, 16, 61, 46, 88, 45, 139, 127, 64, 115, 131, 26, 154, 104, 3, 96, 92, 164, 129, 51, 109, 117, 72, 13, 94, 63, 163, 108, 165, 99, 113, 143, 36, 107, 153, 130, 135, 90, 27, 5, 86, 35, 103, 93, 52, 156, 151, 47, 50, 60, 20, 32, 65, 31, 67, 95, 146, 40, 18, 148, 162, 69, 161, 71, 122, 84, 158, 83, 85, 142, 144, 140, 159, 133, 155, 82, 74, 58, 12, 33, 150, 7, 79, 81, 39, 125, 53, 112, 124, 4, 57, 56, 68, 17, 118, 100, 128, 10, 102, 8, 38, 76, 2, 49, 43, 21, 123, 22, 126, 106, 59, 132, 14, 19, 15, 30, 29, 138, 37, 145, 147, 149, 157, 78, 73, 75, 98, 110, 134, 44, 141, 101, 114, 23, 28, 48, 105, 42, 152, 62, 160, 77, 70, 25, 9, 89, 91, 166] 
 107194.42105335728 267.75290884896464 107194.42105335728


